1111712
2357586
2442217
2943011
3064670
3154964
3251212
4590046
4605388
4612284
4612974
4613370
4614827
4763057
4768518
4906030
5020717
5126143
5131804
5160031
5310480
5311511
5311857
5312850
5321956
5327180
5331621
5401294
5401894
5403550
5490289
5491428
5493291
5502967
5608251
5661431
5674510
5732620
5776577
5798616
5910071
5911273
5914319
6060239
6060441
6075479
6124048
6213496
6569511
6671817
6674975
6705755
6792478
6812029
6865028
6865046
6865544
6873238
6882948
6893921
6893930
7009263
7043131
7210860
7210870
7275163
7284745
7284746
7284755
7284766
7284769
7284784
7302204
7316791
7337550
7397203
7583460
7583463
7589270
7589435
7589722
7589809
7589814
7590059
7604206
7604209
7605544
7623392
7623395
7623397
7623403
7808320
7905554
7905581
7951603
7951739
7959244
7966664
7966707
7967120
